pdb chain family firstdesignedpos pfam firstpfampos temp hydrophcorelist corelist noncorelist surflist nonsurflist
1ABO A SH3  64 PF00018  67  64 66,68,72,80,82,88,90,100,102,111,116 66,68,72,79,80,82,86,88,90,94,100,102,104,111,113,116 64,65,67,69,70,71,73,74,75,76,77,78,81,83,84,85,87,89,91,92,93,95,96,97,98,99,101,103,105,106,107,108,109,110,112,114,115,117,118,119 64,65,70,71,73,75,76,77,78,83,84,85,87,89,92,95,97,98,105,106,107,108,109,112,114,118,119 66,67,68,69,72,74,79,80,81,82,86,88,90,91,93,94,96,99,100,101,102,103,104,110,111,113,115,116,117
1CSK B SH3  11 PF00018  15  11 14,16,20,28,30,36,38,48,50,60,65 14,16,20,27,28,30,36,37,38,42,50,52,59,60,62,65 11,12,13,15,17,18,19,21,22,23,24,25,26,29,31,32,33,34,35,39,40,41,43,44,45,46,47,48,49,51,53,54,55,56,57,58,61,63,64,66 11,12,13,15,18,19,21,22,23,25,26,29,31,32,33,41,43,45,46,53,54,55,56,58,61,63,66 14,16,17,20,24,27,28,30,34,35,36,37,38,39,40,42,44,47,48,49,50,51,52,57,59,60,62,64,65
1CKA A SH3 134 PF00018 138 134 137,139,143,151,153,159,161,170,172,182,187 137,139,143,150,151,153,159,161,170,171,172,174,181,182,184,187 134,135,136,138,140,141,142,144,145,146,147,148,149,152,154,155,156,157,158,160,162,163,164,165,166,167,168,169,173,175,176,177,178,179,180,183,185,186,188,189,190 134,136,141,142,144,145,146,147,148,149,152,154,155,156,163,165,166,167,168,175,176,177,178,179,180,183,185,186,189,190 135,137,138,139,140,143,150,151,153,157,158,159,160,161,162,164,169,170,171,172,173,174,181,182,184,187,188
1R6J A PDZ 192 PF00595 198 192 199,201,209,211,213,218,221,227,232,238,241,246,254,258,265,267,269 199,201,203,209,211,213,218,221,225,226,227,228,232,236,238,239,241,246,254,257,258,261,265,267,268,269,272 192,193,194,195,196,197,198,200,202,204,205,206,207,208,210,212,214,215,216,217,219,220,222,223,224,229,230,231,233,234,235,237,240,242,243,244,245,247,248,249,250,251,252,253,255,256,259,260,262,263,264,266,270,271,273 192,193,194,195,196,197,198,202,205,206,207,208,210,212,214,215,216,222,223,224,229,231,235,243,244,245,247,248,250,252,253,256,259,260,262,263,264,271,273 199,200,201,203,204,209,211,213,217,218,219,220,221,225,226,227,228,230,232,233,234,236,237,238,239,240,241,242,246,249,251,254,255,257,258,261,265,266,267,268,269,270,272
1G9O A PDZ   9 PF00595  14   9 15,17,24,26,28,39,42,48,53,59,62,67,75,79,86,88,90 15,17,24,26,28,37,38,39,42,46,48,51,53,57,59,60,62,67,75,76,79,82,86,88,89,90,91,92 9,10,11,12,13,14,16,18,19,20,21,22,23,25,27,29,30,31,32,33,34,35,36,40,41,43,44,45,47,49,50,52,54,55,56,58,61,63,64,65,66,68,69,70,71,72,73,74,77,78,80,81,83,84,85,87,93,94,95,96,97,98,99 9,10,11,12,14,16,18,20,21,22,23,25,30,32,33,34,35,36,40,41,43,44,45,47,50,52,54,56,64,65,66,69,71,72,73,74,80,81,83,84,87,93,95,96,97,98,99 13,15,17,19,24,26,27,28,29,31,37,38,39,42,46,48,49,51,53,55,57,58,59,60,61,62,63,67,68,70,75,76,77,78,79,82,85,86,88,89,90,91,92,94
2BYG A PDZ 186 PF00595 193 186 194,196,203,205,207,224,227,233,239,245,248,253,261,265,272,274,276 194,196,203,205,207,219,221,222,223,224,225,227,232,233,236,239,243,245,246,248,253,256,261,264,265,268,272,274,276,280 186,187,188,189,190,191,192,193,195,197,198,199,200,201,202,204,206,208,209,210,211,212,213,214,215,216,217,218,220,226,228,229,230,231,234,235,237,238,240,241,242,244,247,249,250,251,252,254,255,257,258,259,260,262,263,266,267,269,270,271,273,275,277,278,279,281,282 186,187,190,193,197,199,200,201,202,204,209,210,212,213,216,217,218,226,228,229,230,231,235,237,238,240,241,242,250,251,254,255,259,260,263,266,267,269,270,273,277,279,281,282 188,189,191,192,194,195,196,198,203,205,206,207,208,211,214,215,219,220,221,222,223,224,225,227,232,233,234,236,239,243,244,245,246,247,248,249,252,253,256,257,258,261,262,264,265,268,271,272,274,275,276,278,280
1BM2 A SH2  55 PF00017  60  55 60,61,62,65,70,74,83,84,85,95,97,99,110,118,120,131,132,148 60,65,70,74,77,82,83,84,85,86,88,95,96,97,98,99,100,105,107,108,110,113,118,119,120,125,128,131,132,135,139,140,141,146,148,151 55,56,57,58,59,61,62,63,64,66,67,68,69,71,72,73,75,76,78,79,80,81,87,89,90,91,92,93,94,101,102,103,104,106,109,111,112,114,115,116,117,121,122,123,124,126,127,129,130,133,134,136,137,138,142,143,144,145,147,149,150,152 55,56,57,58,59,63,64,66,67,68,69,72,76,78,79,80,81,89,90,92,93,102,103,104,109,114,115,116,122,126,130,133,137,142,143,145,149 60,61,62,65,70,71,73,74,75,77,82,83,84,85,86,87,88,91,94,95,96,97,98,99,100,101,105,106,107,108,110,111,112,113,117,118,119,120,121,123,124,125,127,128,129,131,132,134,135,136,138,139,140,141,144,146,147,148,150,151,152
1O4C A SH2   1 PF00017   7   1 7,8,9,12,17,21,31,32,33,43,45,47,63,71,73,85,86,100 2,5,7,8,9,12,17,20,21,26,30,31,32,33,34,36,39,42,43,44,45,46,47,48,49,56,57,58,60,61,63,71,72,73,79,82,85,86,89,96,97,100,101,104 1,3,4,6,10,11,13,14,15,16,18,19,22,23,24,25,27,28,29,35,37,38,40,41,50,51,52,53,54,55,59,62,64,65,66,67,68,69,70,74,75,76,77,78,80,81,83,84,87,88,90,91,92,93,94,95,98,99,102,103,105 1,3,4,6,10,11,13,14,15,19,23,24,25,27,28,29,38,40,41,50,52,53,54,55,59,64,67,68,69,70,75,76,80,84,87,91,92,95,99,105 2,5,7,8,9,12,16,17,18,20,21,22,26,30,31,32,33,34,35,36,37,39,42,43,44,45,46,47,48,49,51,56,57,58,60,61,62,63,65,66,71,72,73,74,77,78,79,81,82,83,85,86,88,89,90,93,94,96,97,98,100,101,102,103,104
1M61 A SH2   4 PF00017  10   4 10,11,12,15,20,24,34,35,36,46,48,50,61,69,71,83,84,98 5,8,10,11,12,14,15,20,23,24,27,29,33,34,35,36,37,39,46,47,48,49,50,51,56,58,61,68,69,70,71,77,83,84,87,94,96,98,102,104 4,6,7,9,13,16,17,18,19,21,22,25,26,28,30,31,32,38,40,41,42,43,44,45,52,53,54,55,57,59,60,62,63,64,65,66,67,72,73,74,75,76,78,79,80,81,82,85,86,88,89,90,91,92,93,95,97,99,100,101,103,105,106,107,108,109,110,111,112 4,6,7,9,13,17,18,19,22,25,26,28,30,32,41,43,44,45,54,55,60,62,65,66,67,72,73,74,75,78,79,80,82,85,89,91,93,95,99,100,101,105,106,107,109,110,111,112 5,8,10,11,12,14,15,16,20,21,23,24,27,29,31,33,34,35,36,37,38,39,40,42,46,47,48,49,50,51,52,53,56,57,58,59,61,63,64,68,69,70,71,76,77,81,83,84,86,87,88,90,92,94,96,97,98,102,103,104,108
